  973.0    381   23.4    1.4     24   4.37     40     10  298.9  312.2  299.7
  972.0    390   23.6   -1.4     19   3.57     41     10  299.2  310.2  299.8
  931.0    764   19.4   -3.6     21   3.16     62     16  298.6  308.4  299.2
  926.0    811   21.2   -5.8     16   2.69     64     17  300.9  309.4  301.4
  925.0    820   21.2   -5.8     16   2.69     65     17  301.0  309.5  301.5
  866.0   1385   17.4   -5.6     20   2.92    143      8  302.7  312.0  303.3
  856.0   1484   17.8   -9.2     15   2.24    157      7  304.2  311.4  304.6
  850.0   1544   17.6  -11.4     13   1.89    165      6  304.6  310.8  304.9
  779.0   2284   14.8  -25.2      5   0.64    208      6  309.2  311.5  309.4
  700.0   3176    8.6  -15.4     17   1.66    260      7  312.0  317.6  312.3
  666.0   3585    6.6  -25.4      8   0.73    273      7  314.2  316.8  314.3
  640.0   3912    7.2  -41.8      2   0.15    283      7  318.5  319.1  318.5
  592.0   4548    3.8  -25.2     10   0.84    302      7  321.7  324.8  321.9
  500.0   5890   -7.7  -15.7     53   2.26    345      7  323.6  331.5  324.0
  425.0   7141  -15.3  -26.3     38   1.06    309     10  329.3  333.2  329.5
  417.0   7285  -14.5  -33.5     18   0.55    304     10  332.1  334.2  332.2
  400.0   7600  -16.5  -35.5     18   0.47    295     11  333.5  335.3  333.6
  348.0   8628  -23.3  -43.3     14   0.24    271     19  337.8  338.8  337.9
  300.0   9690  -32.1  -52.1     12   0.10    245     28  340.0  340.5  340.0
  289.0   9953  -34.5  -56.5      9   0.06    249     30  340.2  340.5  340.3
  250.0  10950  -42.9  -56.9     20   0.07    265     39  342.1  342.5  342.2
  227.0  11591  -48.7  -56.7     39   0.08    256     39  342.9  343.2  342.9
  206.0  12221  -53.5  -66.5     19   0.02    248     39  345.0  345.1  345.0
  200.0  12410  -55.3  -63.3     36   0.04    245     39  345.0  345.2  345.0
  190.0  12735  -58.3  -64.3     46   0.04    249     40  345.3  345.5  345.3
  187.0  12835  -59.5  -61.9     73   0.05    251     40  344.9  345.2  344.9
  183.0  12970  -60.7  -65.7     52   0.03    253     41  345.1  345.3  345.1
  176.0  13212  -62.7  -65.4     70   0.03    256     42  345.7  345.9  345.7
  157.0  13907  -68.3  -74.3     42   0.01    266     44  347.7  347.7  347.7
  150.0  14180  -68.9  -77.9     26   0.01    270     45  351.2  351.2  351.2
  141.0  14549  -69.3  -84.3     10   0.00    274     43  356.8  356.8  356.8
  114.0  15806  -72.1  -90.1      5   0.00    287     34  373.9  373.9  373.9
  100.0  16570  -75.3  -90.3      8   0.00    295     29  382.0  382.0  382.0
   94.0  16923  -77.9  -90.9     11   0.00    275     21  383.8  383.8  383.8
   86.0  17429  -81.6  -91.7     17   0.00    210     22  386.2  386.2  386.2
   85.7  17449  -81.7  -91.7     17   0.00    210     22  386.3  386.3  386.3
   81.0  17770  -80.1  -91.6     13   0.00    185     19  395.9  395.9  395.9
   79.0  17912  -79.4  -91.6     12   0.00    155     13  400.2  400.2  400.2
   73.0  18360  -77.1  -91.5      9   0.00    140     13  414.1  414.1  414.1
   71.5  18478  -76.5  -91.5      8   0.00    128     12  417.9  417.9  417.9
   70.0  18600  -77.1  -92.1      8   0.00    115     11  419.1  419.1  419.1
   65.4  18989  -78.1  -92.1      9   0.00     73     10  425.2  425.2  425.2
   63.0  19204  -77.3  -91.9      8   0.00     50     10  431.5  431.6  431.5
   61.0  19390  -76.6  -91.7      8   0.00     65     12  437.1  437.1  437.1
   59.0  19582  -75.8  -91.5      7   0.00     10     10  442.9  443.0  442.9
   57.6  19720  -75.3  -91.3      7   0.00     27     10  447.2  447.2  447.2
   57.0  19781  -75.3  -91.6      6   0.00     35     10  448.4  448.4  448.4
   55.2  19966  -75.5  -92.5      6   0.00    341      3  452.2  452.2  452.2
   55.0  19988  -75.2  -92.6      5   0.00    335      2  453.3  453.4  453.3
   50.8  20455  -68.9  -93.9      2   0.00    293      8  478.5  478.6  478.5
   50.0  20550  -69.3  -94.3      2   0.00    285      9  479.8  479.8  479.8
   48.0  20802  -67.7  -93.7      1   0.00    305     10  489.2  489.2  489.2
   46.0  21064  -66.0  -93.0      1   0.00    275     11  499.2  499.2  499.2
   45.0  21199  -65.2  -92.7      1   0.00    235     10  504.5  504.5  504.5
   44.0  21338  -64.3  -92.4      1   0.00    265     21  509.9  509.9  509.9
   42.0  21624  -62.5  -91.7      1   0.00    245     13  521.2  521.2  521.2
   41.0  21773  -61.5  -91.3      1   0.00    260     13  527.2  527.2  527.2
   37.4  22339  -57.9  -89.9      1   0.00    256     40  550.4  550.5  550.4
   37.0  22407  -58.0  -89.9      1   0.00    255     43  551.9  551.9  551.9
   33.0  23129  -58.8  -90.2      1   0.00    255     25  568.0  568.0  568.0
   31.0  23523  -59.3  -90.3      1   0.00    260     38  577.0  577.0  577.0
   30.0  23730  -57.7  -90.7      1   0.00    260     30  586.8  586.8  586.8
   29.0  23946  -56.6  -90.0      1   0.00    250     27  595.4  595.4  595.4
   27.1  24377  -54.5  -88.5      1   0.01    283     33  613.0  613.1  613.0
   27.0  24400  -54.6  -88.5      1   0.01    285     33  613.3  613.4  613.3
   26.0  24641  -55.9  -88.6      1   0.01    260     35  616.3  616.4  616.3
   25.4  24790  -56.7  -88.7      1   0.01    272     32  618.2  618.2  618.2
   24.0  25153  -55.8  -88.5      1   0.01    300     25  631.0  631.1  631.0
   23.0  25425  -55.0  -88.3      1   0.01    275     26  640.9  640.9  640.9
   22.0  25710  -54.3  -88.1      1   0.01    300     15  651.2  651.3  651.3
   21.0  26008  -53.5  -87.9      1   0.01    275     10  662.3  662.4  662.3
   20.0  26320  -52.7  -87.7      1   0.01    265      9  674.1  674.2  674.1
   19.0  26654  -51.4  -87.3      1   0.01    285     12  688.2  688.3  688.2
   18.0  27007  -50.0  -86.8      1   0.01    305     17  703.4  703.5  703.4
   17.0  27379  -48.5  -86.3      0   0.01     40     17  719.8  719.9  719.8
   16.9  27418  -48.3  -86.3      0   0.01     42     17  721.5  721.6  721.5
   16.0  27776  -49.0  -86.6      1   0.01     65     17  730.5  730.7  730.5
   15.0  28199  -49.8  -87.0      1   0.01    120     19  741.4  741.5  741.4
   14.7  28332  -50.1  -87.1      1   0.01                744.8  744.9  744.8
