 1021.0    117    3.0   -1.0     75   3.50     55      4  274.5  284.2  275.1
 1012.0    187    2.0   -1.9     75   3.30     57      6  274.2  283.4  274.8
 1000.0    282    1.4   -1.6     80   3.42     60      8  274.6  284.0  275.1
  998.0    298    1.2   -1.6     82   3.42     60      8  274.5  284.0  275.1
  990.0    363    1.8   -1.6     78   3.45     67      8  275.7  285.4  276.3
  977.0    469    1.2   -1.3     83   3.57     78      7  276.2  286.2  276.8
  971.0    519    1.0   -3.4     72   3.08     83      7  276.5  285.1  277.0
  945.0    736   -0.5   -6.5     64   2.50    107      6  277.1  284.2  277.5
  935.0    821   -0.9   -5.9     69   2.64    116      5  277.5  285.1  278.0
  925.0    907   -1.7   -6.3     71   2.59    125      5  277.6  285.0  278.0
  880.0   1302   -5.1   -7.8     81   2.43     81      2  278.0  285.0  278.4
  875.0   1347   -5.3   -8.3     79   2.35     76      2  278.3  285.0  278.7
  871.0   1383   -5.1   -8.2     79   2.38     72      2  278.8  285.7  279.2
  867.0   1419   -4.9   -9.9     68   2.09     68      1  279.4  285.5  279.8
  864.0   1446   -4.9   -9.6     70   2.15     65      1  279.7  286.0  280.1
  862.0   1465   -4.7  -11.7     58   1.82     63      1  280.1  285.5  280.4
  859.0   1492   -4.8  -13.6     50   1.56     60      1  280.2  284.9  280.5
  857.0   1510   -4.9  -14.9     45   1.41     49      2  280.3  284.6  280.6
  854.0   1538   -4.5  -17.5     36   1.14     32      3  281.0  284.5  281.2
  850.0   1575   -4.3  -22.3     23   0.76     10      5  281.6  284.0  281.8
  849.0   1584   -4.1  -24.1     19   0.65     10      5  281.9  284.0  282.0
  846.0   1612   -3.7  -32.7      8   0.29     10      6  282.6  283.6  282.7
  843.0   1640   -3.3  -39.3      4   0.15     10      6  283.3  283.9  283.4
  833.0   1735   -3.1  -39.1      4   0.16     10      8  284.5  285.1  284.6
  822.0   1840   -2.2  -46.2      2   0.07     10     10  286.5  286.8  286.5
  815.0   1908   -1.7  -50.7      1   0.04      3     11  287.8  288.0  287.8
  812.0   1937   -1.6  -45.8      2   0.08      0     12  288.2  288.5  288.2
  807.0   1986   -1.5  -37.5      4   0.19      0     11  288.8  289.5  288.9
  797.0   2085   -2.0  -32.6      8   0.31      0     10  289.3  290.4  289.4
  788.0   2175   -2.4  -28.1     12   0.48      0     12  289.8  291.4  289.9
  775.0   2307   -3.0  -21.6     22   0.88    350     14  290.5  293.4  290.7
  774.0   2318   -3.1  -21.1     23   0.92    350     14  290.6  293.5  290.7
  767.0   2389   -3.3  -17.3     33   1.29    350     14  291.1  295.2  291.3
  758.0   2483   -3.9  -15.9     39   1.47    350     15  291.4  296.0  291.7
  755.0   2514   -4.0  -15.9     39   1.47    350     15  291.6  296.2  291.9
  740.0   2672   -4.8  -16.0     41   1.49    345     18  292.5  297.2  292.8
  733.0   2747   -5.1  -16.1     42   1.49    346     18  292.9  297.6  293.2
  731.0   2768   -5.3  -18.3     35   1.24    347     18  292.9  296.9  293.2
  728.0   2801   -5.1  -22.1     25   0.90    347     18  293.5  296.4  293.7
  722.0   2866   -4.9  -31.9     10   0.37    348     18  294.4  295.7  294.5
  721.0   2876   -4.9  -31.9     10   0.37    348     18  294.5  295.8  294.6
  713.0   2964   -5.5  -20.5     30   1.06    350     18  294.8  298.2  295.0
  711.0   2986   -5.7  -22.7     25   0.87    350     18  294.8  297.7  295.0
  708.0   3019   -6.1  -22.1     27   0.92    349     18  294.7  297.8  294.9
  703.0   3075   -6.5  -18.5     38   1.27    346     18  294.9  299.0  295.1
  700.0   3108   -6.7  -18.7     38   1.26    345     18  295.0  299.1  295.3
  693.0   3186   -7.3  -19.3     38   1.20    353     19  295.2  299.1  295.4
  691.0   3209   -7.5  -20.5     35   1.09    356     19  295.2  298.8  295.4
  687.0   3254   -7.5  -25.5     22   0.70      0     20  295.7  298.1  295.9
  685.0   3277   -7.1  -35.1      9   0.28      3     20  296.4  297.4  296.5
  683.0   3300   -6.9  -38.4      6   0.20      5     20  296.9  297.6  296.9
  677.0   3369   -6.3  -48.3      2   0.07      5     22  298.3  298.6  298.3
  669.0   3461   -6.8  -48.0      2   0.07      5     25  298.8  299.1  298.8
  667.0   3485   -6.9  -47.9      2   0.08      5     25  298.9  299.2  298.9
  659.0   3579   -7.7  -28.7     17   0.55      5     23  299.0  300.9  299.1
  657.0   3602   -7.8  -28.6     17   0.56      5     22  299.2  301.1  299.3
  651.0   3674   -8.1  -28.1     18   0.58      9     22  299.6  301.6  299.7
  650.0   3686   -7.9  -29.9     15   0.50     10     22  300.0  301.7  300.1
  648.0   3710   -7.5  -33.5     10   0.35     13     23  300.7  301.9  300.8
  644.0   3758   -7.1  -35.1      9   0.30     20     24  301.7  302.8  301.8
  641.0   3794   -6.7  -32.7     11   0.38     25     24  302.6  303.9  302.6
  638.0   3831   -6.9  -32.2     11   0.40     30     25  302.7  304.1  302.8
  628.0   3954   -7.7  -30.7     14   0.47     35     30  303.2  304.9  303.3
  623.0   4016   -8.1  -24.1     26   0.88     33     32  303.4  306.4  303.6
  613.0   4142   -8.7  -27.7     20   0.64     30     35  304.1  306.4  304.3
  609.0   4192   -9.1  -28.1     20   0.63     29     35  304.2  306.4  304.4
  582.0   4538  -12.2  -28.3     25   0.64     25     36  304.6  306.9  304.8
  546.0   5025  -16.5  -28.5     35   0.67      9     30  305.1  307.4  305.2
  537.0   5150  -17.6  -30.1     33   0.59      5     29  305.3  307.4  305.4
  529.0   5262  -18.5  -31.5     31   0.52      2     29  305.5  307.3  305.6
  522.0   5362  -19.3  -30.3     37   0.59      0     29  305.7  307.7  305.8
  507.0   5577  -21.2  -33.0     34   0.47    355     30  305.9  307.5  305.9
  502.0   5651  -21.9  -33.9     33   0.44    355     30  305.9  307.5  306.0
  500.0   5680  -22.1  -33.1     36   0.47    355     30  306.0  307.7  306.1
  495.0   5754  -22.5  -32.5     40   0.51    351     31  306.4  308.2  306.5
  493.0   5783  -22.7  -32.7     40   0.50    350     31  306.5  308.2  306.6
  490.0   5828  -23.1  -33.1     40   0.48    343     32  306.6  308.3  306.7
  487.0   5873  -23.1  -35.1     32   0.40    337     32  307.1  308.6  307.2
  484.0   5918  -23.2  -37.6     26   0.31    330     33  307.5  308.7  307.6
  482.0   5948  -23.3  -39.3     22   0.26    330     33  307.8  308.8  307.8
  478.0   6008  -23.5  -40.5     19   0.23    331     33  308.3  309.1  308.3
  474.0   6070  -23.7  -42.7     16   0.19    332     33  308.8  309.5  308.8
  467.0   6178  -24.5  -40.5     21   0.24    333     34  309.1  310.0  309.1
  459.0   6302  -25.6  -41.6     21   0.22    335     34  309.2  310.1  309.3
  443.0   6558  -27.8  -43.8     20   0.18    325     33  309.6  310.3  309.6
  441.0   6590  -28.1  -44.1     20   0.17    326     33  309.6  310.3  309.7
  431.0   6754  -29.5  -42.5     27   0.21    329     32  309.9  310.7  309.9
  428.0   6803  -29.9  -43.2     26   0.20    330     32  310.1  310.8  310.1
  416.0   7004  -31.3  -46.3     21   0.14    345     33  310.7  311.3  310.8
  407.0   7158  -32.4  -48.0     20   0.12    350     33  311.2  311.7  311.2
  400.0   7280  -33.3  -49.3     19   0.11    345     36  311.6  312.1  311.6
  399.0   7298  -33.3  -50.3     17   0.10    344     36  311.9  312.2  311.9
  381.0   7620  -36.0  -50.5     21   0.10    335     39  312.4  312.8  312.4
  378.0   7676  -36.5  -50.5     22   0.10    332     39  312.5  312.9  312.5
  376.0   7713  -36.5  -50.5     22   0.10    330     39  312.9  313.4  313.0
  374.0   7750  -36.5  -48.5     28   0.13    329     40  313.4  313.9  313.5
  370.0   7824  -37.1  -51.5     21   0.09    325     40  313.6  313.9  313.6
  369.0   7843  -37.3  -52.3     19   0.08    325     40  313.6  313.9  313.6
  365.0   7918  -37.9  -52.9     19   0.08    324     41  313.8  314.1  313.8
  343.0   8344  -41.9  -51.9     33   0.09    319     43  313.9  314.3  314.0
  336.0   8484  -42.9  -54.9     26   0.07    317     44  314.4  314.7  314.4
  332.0   8564  -43.7  -53.7     32   0.08    316     45  314.4  314.7  314.4
  329.0   8625  -44.1  -53.1     36   0.08    315     45  314.7  315.0  314.7
  328.0   8646  -44.3  -53.8     34   0.08    315     45  314.7  315.0  314.7
  327.0   8666  -44.5  -54.5     32   0.07    315     45  314.7  315.0  314.7
  325.0   8708  -44.5  -57.5     22   0.05    314     45  315.2  315.4  315.2
  324.0   8728  -44.5  -57.5     22   0.05    314     44  315.5  315.7  315.5
  322.0   8770  -44.9  -55.9     28   0.06    314     44  315.5  315.8  315.5
  310.0   9023  -46.9  -54.9     40   0.07    312     42  316.2  316.5  316.2
  300.0   9240  -48.7  -56.7     39   0.06    310     41  316.6  316.9  316.6
  289.0   9484  -50.7  -59.7     34   0.04    312     41  317.1  317.3  317.2
  283.0   9620  -51.7  -59.7     38   0.04    313     40  317.6  317.8  317.6
  281.0   9666  -52.1  -58.1     48   0.05    313     40  317.7  317.9  317.7
  279.0   9712  -52.5  -59.5     42   0.05    313     40  317.8  317.9  317.8
  276.0   9782  -53.1  -57.7     57   0.06    314     40  317.9  318.1  317.9
  270.0   9922  -54.5  -58.3     63   0.05    315     40  317.9  318.1  317.9
  268.0   9970  -55.0  -59.1     60   0.05    315     40  317.8  318.0  317.8
  265.0  10042  -55.7  -60.2     57   0.04    314     40  317.8  318.0  317.8
  261.0  10138  -56.5  -60.7     59   0.04    313     40  318.0  318.2  318.0
  260.0  10162  -56.7  -61.7     53   0.04    313     40  318.1  318.2  318.1
  258.0  10211  -56.5  -64.5     36   0.03    312     41  319.1  319.2  319.1
  257.0  10236  -56.7  -64.7     36   0.02    312     41  319.1  319.2  319.1
  254.0  10310  -57.1  -64.1     41   0.03    311     41  319.6  319.7  319.6
  250.0  10410  -57.7  -64.7     40   0.03    310     41  320.2  320.3  320.2
  248.0  10461  -58.1  -65.1     40   0.02    310     41  320.3  320.4  320.3
  247.0  10486  -58.3  -65.3     40   0.02    309     41  320.4  320.5  320.4
  238.0  10718  -60.5  -65.5     52   0.02    308     42  320.5  320.6  320.5
  234.0  10823  -61.1  -66.1     51   0.02    307     42  321.1  321.2  321.1
  225.0  11064  -63.4  -67.2     59   0.02    305     43  321.2  321.3  321.2
  223.0  11119  -63.9  -67.5     61   0.02    306     43  321.3  321.4  321.3
  218.0  11258  -64.7  -69.6     51   0.01    309     44  322.1  322.2  322.1
  214.0  11370  -65.3  -69.6     55   0.02    311     44  322.9  323.0  322.9
  212.0  11427  -65.5  -71.5     43   0.01    312     44  323.4  323.5  323.4
  210.0  11485  -65.3  -73.3     32   0.01    313     45  324.6  324.7  324.6
  207.0  11572  -65.5  -74.5     28   0.01    315     45  325.7  325.7  325.7
  200.0  11780  -67.3  -74.3     36   0.01    310     43  326.0  326.1  326.0
  198.0  11841  -67.1  -75.1     31   0.01    310     43  327.3  327.3  327.3
  195.0  11933  -67.3  -76.3     27   0.01    313     42  328.4  328.4  328.4
  190.0  12089  -68.5  -75.5     36   0.01    319     40  328.9  328.9  328.9
  180.0  12411  -69.9  -76.9     35   0.01    330     36  331.8  331.8  331.8
  178.0  12478  -69.0  -77.5     28   0.01    330     38  334.4  334.4  334.4
  175.0  12580  -67.5  -78.5     20   0.00    326     37  338.4  338.4  338.4
  171.0  12719  -66.7  -80.1     14   0.00    320     36  341.9  342.0  341.9
  170.0  12755  -66.5  -80.5     12   0.00    321     36  342.9  342.9  342.9
  161.0  13083  -67.6  -80.9     13   0.00    335     34  346.4  346.4  346.4
  157.0  13234  -68.1  -81.1     14   0.00    327     33  348.0  348.0  348.0
  154.0  13350  -67.5  -84.2      8   0.00    320     33  351.0  351.0  351.0
  153.0  13389  -67.3  -85.3      6   0.00    321     34  352.0  352.0  352.0
  152.0  13429  -64.5  -86.5      3   0.00    322     35  357.4  357.4  357.4
  150.0  13510  -64.5  -88.5      2   0.00    325     37  358.8  358.8  358.8
  148.0  13592  -64.1  -88.1      2   0.00    324     37  360.8  360.9  360.8
  138.0  14019  -65.3  -87.3      3   0.00    321     36  366.0  366.0  366.0
  134.0  14198  -65.0  -87.8      3   0.00    320     35  369.7  369.7  369.7
  133.0  14244  -64.9  -87.9      3   0.00    322     35  370.6  370.6  370.6
  131.0  14336  -63.5  -87.5      3   0.00    326     35  374.7  374.7  374.7
  127.0  14527  -63.1  -88.1      2   0.00    335     35  378.8  378.8  378.8
  121.0  14824  -64.5  -89.5      2   0.00    329     31  381.5  381.5  381.5
  119.0  14926  -63.7  -89.7      2   0.00    327     30  384.8  384.8  384.8
  117.0  15029  -64.0  -89.7      2   0.00    325     29  386.0  386.1  386.0
  113.0  15242  -64.7  -89.7      2   0.00    325     32  388.6  388.6  388.6
  107.0  15576  -63.5  -89.5      2   0.00    325     38  397.0  397.0  397.0
  101.0  15929  -64.7  -89.7      2   0.00    325     43  401.3  401.3  401.3
  100.0  15990  -63.7  -89.7      2   0.00    325     44  404.4  404.4  404.4

