  992.0    229  -14.7  -19.5     67   0.83    325     10  259.0  261.4  259.2
  977.0    344  -15.5  -21.5     60   0.71    322     12  259.4  261.4  259.5
  943.0    610  -18.0  -22.5     68   0.67    315     17  259.5  261.4  259.6
  925.0    755  -19.3  -23.0     72   0.65    310     18  259.6  261.4  259.7
  905.2    914  -20.5  -23.8     75   0.62    310     20  259.9  261.7  260.0
  868.5   1219  -22.9  -25.2     81   0.57    285     21  260.6  262.2  260.6
  850.0   1378  -24.1  -26.0     84   0.54    285     22  260.9  262.5  261.0
  848.0   1395  -24.1  -26.0     84   0.54    285     22  261.1  262.6  261.1
  840.0   1464  -24.1  -26.4     81   0.53    286     23  261.8  263.3  261.9
  830.0   1552  -21.5  -25.8     68   0.57    287     24  265.4  267.1  265.5
  820.0   1641  -20.7  -27.7     53   0.48    288     25  267.2  268.6  267.3
  808.0   1750  -20.3  -27.3     54   0.51    289     26  268.7  270.3  268.8
  799.5   1829  -20.6  -27.4     55   0.51    290     27  269.2  270.8  269.3
  771.0   2096  -21.7  -27.7     58   0.51    281     28  270.9  272.4  270.9
  767.1   2134  -22.0  -28.0     58   0.50    280     28  270.9  272.5  271.0
  737.0   2427  -24.3  -30.3     58   0.42    285     29  271.5  272.8  271.6
  735.9   2438  -24.4  -30.3     58   0.42    285     29  271.6  272.9  271.6
  708.0   2718  -26.3  -29.5     74   0.47    285     33  272.4  273.9  272.5
  705.5   2743  -26.3  -29.3     76   0.48    285     33  272.7  274.2  272.8
  700.0   2800  -26.3  -28.9     79   0.50    290     33  273.3  274.9  273.4
  693.0   2873  -26.5  -28.9     80   0.51    290     33  273.9  275.5  274.0
  688.0   2925  -25.3  -33.3     47   0.34    289     33  275.8  276.9  275.9
  684.0   2968  -25.1  -35.1     39   0.28    289     34  276.5  277.4  276.5
  664.0   3184  -25.3  -40.3     23   0.17    288     34  278.6  279.2  278.6
  650.0   3338  -25.7  -37.7     32   0.23    287     35  279.9  280.6  279.9
  621.9   3658  -26.8  -37.9     34   0.24    285     36  282.2  283.0  282.2
  619.0   3692  -26.9  -37.9     35   0.24    285     36  282.4  283.2  282.5
  588.0   4062  -28.9  -39.9     34   0.20    282     39  284.3  285.0  284.3
  571.4   4267  -30.4  -44.7     23   0.13    280     41  284.9  285.3  284.9
  568.0   4309  -30.7  -45.7     22   0.11    280     41  285.0  285.4  285.0
  535.0   4733  -32.1  -57.1      7   0.03    276     43  288.2  288.3  288.2
  524.2   4877  -32.6  -58.3      6   0.03    275     44  289.3  289.4  289.3
  506.0   5126  -33.5  -60.5      5   0.02    275     50  291.1  291.2  291.1
  500.0   5210  -34.1  -53.1     13   0.06    275     52  291.4  291.6  291.4
  492.0   5322  -34.9  -50.9     18   0.07    274     54  291.8  292.0  291.8
  467.0   5682  -37.7  -54.7     15   0.05    272     60  292.7  292.9  292.7
  439.6   6096  -37.5  -72.1      1   0.01    270     68  298.0  298.0  298.0
  439.0   6105  -37.5  -72.5      1   0.00    270     68  298.1  298.2  298.1
  420.4   6401  -38.7  -68.1      3   0.01    275     78  300.3  300.3  300.3
  400.0   6740  -40.1  -63.1      7   0.02    270     74  302.8  302.9  302.8
  376.0   7162  -41.5  -67.5      4   0.01    270     79  306.3  306.4  306.3
  351.4   7620  -42.2  -72.4      2   0.01    270     84  311.3  311.3  311.3
  320.0   8255  -43.3  -79.3      1   0.00    270     85  318.3  318.3  318.3
  313.0   8404  -44.5  -80.5      1   0.00    270     85  318.6  318.6  318.6
  307.0   8535  -43.5  -79.5      1   0.00    270     85  321.8  321.8  321.8
  300.0   8690  -44.3  -80.3      1   0.00    270     85  322.8  322.8  322.8
  287.0   8985  -45.9  -80.9      1   0.00    270     88  324.6  324.6  324.6
  280.2   9144  -45.9  -80.1      1   0.00    270     89  326.9  326.9  326.9
  271.0   9366  -45.9  -78.9      1   0.00    266     91  330.0  330.0  330.0
  267.6   9449  -46.3  -79.5      1   0.00    265     92  330.6  330.6  330.6
  267.0   9465  -46.4  -79.6      1   0.00    265     92  330.8  330.8  330.8
  257.0   9718  -47.5  -81.5      1   0.00    265     90  332.7  332.7  332.7
  250.0   9900  -46.9  -81.9      1   0.00    265     86  336.2  336.2  336.2
  249.0   9927  -46.9  -81.9      1   0.00    265     86  336.6  336.6  336.6
  239.0  10198  -47.3  -82.3      1   0.00    265     84  339.9  340.0  339.9
  227.0  10538  -48.9  -82.9      1   0.00    265     82  342.6  342.6  342.6
  215.0  10894  -49.3  -83.3      1   0.00    265     80  347.3  347.3  347.3
  205.0  11208  -48.1  -82.1      1   0.00    265     78  353.9  353.9  353.9
  200.0  11370  -49.3  -83.3      1   0.00    265     77  354.5  354.6  354.5
  192.0  11637  -51.3  -84.3      1   0.00    266     75  355.5  355.5  355.5
  189.0  11739  -51.3  -84.3      1   0.00    267     75  357.1  357.1  357.1
  185.0  11879  -49.9  -83.9      1   0.00    268     74  361.6  361.6  361.6
  173.0  12318  -49.3  -83.3      1   0.00    270     71  369.5  369.6  369.5
  158.0  12911  -50.7  -84.7      1   0.00    273     68  376.9  376.9  376.9
  150.0  13250  -50.5  -84.5      1   0.00    275     66  382.9  382.9  382.9
  146.0  13426  -51.5  -84.5      1   0.00    276     64  384.1  384.1  384.1
  135.0  13933  -52.1  -85.1      1   0.00    277     60  391.7  391.7  391.7
  130.0  14176  -53.1  -86.1      1   0.00    278     57  394.2  394.2  394.2
  127.0  14327  -52.3  -85.3      1   0.00    279     56  398.2  398.3  398.2
  123.0  14533  -52.1  -85.1      1   0.00    280     54  402.3  402.3  402.3
  121.2  14630  -52.5  -85.5      1   0.00    280     53  403.3  403.4  403.3
  117.0  14856  -53.3  -86.3      1   0.00    273     50  405.8  405.9  405.8
  112.0  15137  -53.3  -86.3      1   0.00    263     47  410.9  410.9  410.9
  110.2  15240  -54.2  -86.7      1   0.00    260     46  411.2  411.2  411.2
  108.0  15369  -55.3  -87.3      1   0.00    262     45  411.4  411.5  411.5
  105.0  15549  -55.5  -87.5      1   0.00    265     44  414.4  414.4  414.4
  103.0  15671  -54.5  -87.5      1   0.00    267     43  418.6  418.6  418.6
  100.0  15860  -55.3  -87.3      1   0.00    270     42  420.6  420.6  420.6
   91.3  16438  -58.3  -89.3      1   0.00    270     50  425.7  425.8  425.7
   86.7  16764  -56.4  -88.2      1   0.00    270     55  435.9  435.9  435.9
   86.1  16809  -56.1  -88.1      1   0.00    271     55  437.4  437.4  437.4
   78.1  17429  -57.3  -89.3      1   0.00    278     52  447.2  447.2  447.2
   75.4  17653  -54.3  -87.3      1   0.00    281     51  458.0  458.1  458.0
   73.7  17800  -54.1  -87.1      1   0.00    283     50  461.4  461.5  461.4
   71.6  17983  -54.8  -87.2      1   0.00    285     49  463.8  463.8  463.8
   70.0  18130  -55.3  -87.3      1   0.00    285     46  465.7  465.8  465.7
   68.3  18288  -56.0  -87.8      1   0.00    290     39  467.4  467.5  467.4
   62.9  18807  -58.5  -89.5      1   0.00    277     25  473.1  473.1  473.1
   62.0  18898  -58.0  -89.4      1   0.00    275     23  476.2  476.2  476.2
   60.8  19021  -57.3  -89.3      1   0.00    275     23  480.4  480.4  480.4
   58.8  19231  -58.7  -89.7      1   0.00    274     24  481.9  481.9  481.9
   50.0  20250  -58.1  -90.1      1   0.00    270     27  506.1  506.1  506.1
