1014.0     56    5.6    1.3     74   4.16    280     12  277.6  289.2  278.3
 1013.0     64    5.5   -0.1     67   3.75    205     22  277.6  288.1  278.2
 1012.0     72    5.4   -1.6     61   3.38    205     22  277.6  287.1  278.2
 1000.0    171    4.4   -1.6     65   3.42    200     26  277.6  287.2  278.1
  981.0    326    3.0   -1.9     70   3.39    200     31  277.7  287.2  278.2
  954.0    550    1.0   -2.5     78   3.36    205     34  277.8  287.3  278.4
  925.0    799   -1.3   -3.0     88   3.33    205     34  278.0  287.4  278.5
  859.0   1385   -5.3   -6.1     94   2.83    214     38  279.7  287.9  280.2
  857.0   1403   -5.3   -6.5     91   2.75    214     38  279.9  287.9  280.4
  854.0   1431   -4.9   -9.3     71   2.22    214     38  280.6  287.1  281.0
  850.0   1468   -2.7   -4.9     85   3.14    215     38  283.3  292.4  283.8
  848.0   1487   -2.3   -4.4     86   3.27    216     38  283.9  293.4  284.5
  833.0   1628   -2.5   -4.8     84   3.22    220     40  285.2  294.6  285.7
  831.0   1648   -2.5   -4.9     84   3.21    220     40  285.4  294.7  285.9
  817.0   1781   -5.9  -14.9     49   1.48    218     40  283.1  287.6  283.4
  812.0   1830   -4.5  -13.5     49   1.67    217     41  285.1  290.2  285.4
  799.0   1957   -4.7  -21.7     25   0.85    215     41  286.2  288.9  286.4
  775.0   2197   -3.7  -20.7     25   0.95    212     42  289.8  292.9  290.0
  763.0   2320   -3.3  -11.3     54   2.12    210     42  291.5  298.1  291.9
  760.0   2351   -3.4  -10.9     56   2.19    210     42  291.8  298.5  292.1
  750.0   2456   -3.7   -9.7     63   2.45    212     42  292.5  300.0  293.0
  709.0   2897   -6.9  -12.9     62   2.01    218     43  293.7  300.0  294.1
  705.0   2942   -7.1  -17.1     45   1.43    219     43  294.0  298.5  294.2
  700.0   2997   -7.5  -13.5     62   1.94    220     43  294.1  300.2  294.5
  698.0   3019   -7.9  -13.9     62   1.88    221     43  293.9  299.8  294.3
  688.0   3131   -8.7  -15.7     57   1.64    224     44  294.3  299.5  294.6
  687.0   3142   -8.7  -16.7     52   1.51    224     44  294.4  299.2  294.7
  681.0   3210   -8.3  -31.3     14   0.41    226     45  295.6  297.0  295.6
  673.0   3302   -8.7  -18.7     44   1.31    229     45  296.1  300.3  296.4
  654.0   3522   -9.6  -20.8     40   1.12    235     47  297.5  301.2  297.7
  597.0   4223  -12.5  -27.5     27   0.67    248     36  302.0  304.4  302.2
  588.0   4338  -13.3  -29.1     25   0.59    250     34  302.4  304.4  302.5
  553.0   4803  -16.7  -35.7     18   0.33    252     34  303.8  304.9  303.8
  510.0   5403  -21.7  -35.1     29   0.38    255     35  304.8  306.2  304.9
  500.0   5550  -22.9  -34.9     33   0.40    250     34  305.1  306.5  305.1
  468.0   6021  -26.9  -37.8     35   0.32    255     32  305.9  307.0  305.9
  400.0   7140  -36.5  -44.5     43   0.18    250     37  307.5  308.2  307.5
  390.0   7315  -38.0  -46.0     43   0.16    250     36  307.8  308.4  307.8
  384.0   7422  -38.9  -46.9     43   0.15    251     40  307.9  308.5  307.9
  360.0   7853  -42.2  -49.0     48   0.12    255     55  309.2  309.7  309.2
  305.0   8963  -50.7  -54.3     65   0.08    255     35  312.3  312.6  312.3
  304.0   8984  -50.9  -54.5     65   0.08    255     35  312.3  312.6  312.3
  300.0   9070  -51.7  -55.4     64   0.07    255     35  312.4  312.6  312.4
  250.0  10220  -61.9  -66.0     58   0.02    255     45  313.9  314.0  313.9
  246.0  10320  -62.7  -67.1     55   0.02    255     46  314.2  314.3  314.2
  240.0  10472  -63.9  -68.7     52   0.02    258     47  314.6  314.7  314.6
  232.0  10682  -62.7  -67.7     51   0.02    262     47  319.5  319.6  319.5
  218.0  11063  -65.2  -70.1     50   0.01    270     49  321.4  321.4  321.4
  211.0  11263  -66.5  -71.4     50   0.01    265     54  322.3  322.4  322.3
  210.0  11292  -66.3  -71.1     51   0.01    265     54  323.1  323.1  323.1
  203.0  11499  -65.5  -73.2     33   0.01    265     57  327.5  327.6  327.5
  200.0  11590  -65.1  -74.1     28   0.01    265     56  329.5  329.6  329.5
  191.0  11872  -62.7  -75.7     16   0.01    265     54  337.7  337.8  337.7
  185.0  12068  -62.7  -77.7     12   0.01    265     53  340.8  340.9  340.8
  159.0  13000  -62.5  -77.5     12   0.01    265     47  356.2  356.3  356.2
  150.0  13360  -61.3  -77.3     10   0.01    265     45  364.3  364.3  364.3
  146.0  13528  -60.8  -76.8     10   0.01    270     47  367.9  368.0  367.9
  145.0  13571  -60.7  -76.7     10   0.01    270     46  368.9  368.9  368.9
  131.0  14196  -62.8  -78.2     11   0.01    275     28  375.9  375.9  375.9
  108.0  15383  -66.9  -80.9     12   0.01    279     41  389.6  389.6  389.6
  100.0  15850  -66.5  -80.5     12   0.01    280     46  399.0  399.0  399.0
